1143.10725075150
841.78295834434
1008.08671559977
844.07272979308
1103.73914185655
1633.04411689152
1442.22002457928
926.03183079638
1179.55178487477
1026.19779730769
838.17928672056
955.50063555728
1154.73418525622
1016.52218007637
1324.59126130874
1350.52639031664
1112.74013368126
1196.49725168339
1143.22792886759
1302.97634971158
706.81478884086
1219.06645107625
1431.33895681447
1271.32796450524
1041.38669644970
1229.52292304956
1370.31288395174
1535.91121824274
1012.45005965904
1107.53931037258
803.70460350773
1242.89484614551
1112.69593362821
987.05066962732
1600.66940162573
1211.80187222188
1314.63000624054
1530.54072456958
1361.19363637504
1299.64384158218
983.43839353455
1269.59959653904
1313.55312260033
985.17467700910
904.14671399170
1468.57396530845
1514.97694799359
1082.89686065958
1075.71586411041
1214.63830768856
1390.26971350922
1080.70386800233
1033.51573743226
1171.95760751224
1135.30057981761
1035.29408782408
1626.30372503224
929.91708262180
1166.31234014860
1359.25862348018
1062.04046626483
1067.04798591574
1339.61178787751
1632.20998556519
1112.67462318497
1022.27113771762
1230.46726787774
1182.32457270053
1120.08948525927
1165.31543872206
914.41626868152
1104.49556016680
836.15379413895
1098.49024895683
1518.94321002961
1337.55036233539
841.37918117063
1340.16606792777
1439.23715766515
1424.14170286904
1049.67560996721
1432.76812147795
1009.87295401773
1307.33980180125
1299.93538292695
1391.34050638801
1225.45451152748
835.94077454514
1472.89938439072
776.47839281039
1150.34186339623
1076.71507315934
1210.98613972941
1127.23873790006
1249.34266061063
1282.58459316396
1718.49918186043
968.32416932299
1563.83979377867
1221.75765554154
1277.42255933878
1254.30903167225
1070.08584604963
1114.99066658090
1580.07494472490
1095.49425143394
1337.16615613099
1140.74817912576
996.63568074321
1655.92555176901
1325.09347048840
1454.29286912136
1212.51395524642
1114.88900160188
1369.51130610613
1079.50259491930
1046.22892485276
822.23856579840
1570.65475229175
1511.06500047048
1454.85784197564
1658.76205716624
1067.41331398105
983.97905146206
1045.64343007213
1309.48107461123
1038.64728489232
1381.45620949854
1367.98842898273
901.01316715253
1006.01599379274
817.65987175641
1533.90055205063
1062.88544342426
1329.64445673216
796.56787437603
1236.13012450648
1278.47314802304
1168.31665011122
904.63234898211