35
32
52
38
48
37
32
46
31
35
30
36
41
33
33
36
37
36
51
51
37
38
47
39
50
33
46
31
41
30
30
38
41
43
34
38
35
33
50
39
33
38
38
36
52
34
37
32
39
62
75
73
66
64
84
80
59
92
100
84
85
74
83
86
79
65
85
80
63
99
67
87
92
98
67
71
66
67
85
90
61
64
76
65
87
90
65
74
88
94
83
100
59
67
62
83
64
89
60
75
89
76
78
56
78
74
96
64
62
57
63
58
56
89
80
56
64
94
69
80
66
83
62
75
72
89
77
71
79
93
70
55
94
79
69
97
87
60
97
79
62
82
71
93
94
56
71
77
73
52
82
85
69
63
71
53
80
71
79
78
76
57
89
78
89
84
75
79
79
82
74
53
70
53
79
60
60
82
90
80
79
52
63
83
83
85
59
69
54
64
67
62
56
81
66
57